STARTDATE,ENDDATE,TYPE,MANDI
2016-01-01,2016-02-13,,KARNATAKA_MULABAGILU
2016-01-01,2016-02-13,,KARNATAKA_SRINIVASAPUR
2016-01-01,2016-02-13,,UTTAR PRADESH_FAIZABAD
2016-01-08,2016-02-20,,KARNATAKA_MULABAGILU
2016-01-08,2016-02-20,,KARNATAKA_SRINIVASAPUR
2016-01-08,2016-02-20,,UTTAR PRADESH_FAIZABAD
2016-01-15,2016-02-27,,KARNATAKA_MULABAGILU
2016-01-15,2016-02-27,,KARNATAKA_SRINIVASAPUR
2016-01-15,2016-02-27,,UTTAR PRADESH_FAIZABAD
2016-01-22,2016-03-05,,KARNATAKA_MULABAGILU
2016-01-22,2016-03-05,,KARNATAKA_SRINIVASAPUR
2016-01-22,2016-03-05,,UTTAR PRADESH_FAIZABAD
2016-01-29,2016-03-12,,KARNATAKA_SRINIVASAPUR
2016-01-29,2016-03-12,,UTTAR PRADESH_FAIZABAD
2016-01-29,2016-03-12,,KARNATAKA_MULABAGILU
2016-02-01,2016-03-15,Anomaly,UTTAR PRADESH_FAIZABAD
2016-02-01,2016-03-15,Anomaly,KARNATAKA_MULABAGILU
2016-02-01,2016-03-15,Anomaly,KARNATAKA_SRINIVASAPUR
2016-02-08,2016-03-22,Anomaly,UTTAR PRADESH_FAIZABAD
2016-02-08,2016-03-22,Anomaly,KARNATAKA_MULABAGILU
2016-02-08,2016-03-22,Anomaly,KARNATAKA_SRINIVASAPUR
2016-02-15,2016-03-29,Anomaly,UTTAR PRADESH_FAIZABAD
2016-02-15,2016-03-29,Anomaly,KARNATAKA_MULABAGILU
2016-02-15,2016-03-29,Anomaly,KARNATAKA_SRINIVASAPUR
2016-02-22,2016-04-05,Anomaly,UTTAR PRADESH_FAIZABAD
2016-02-22,2016-04-05,Anomaly,KARNATAKA_SRINIVASAPUR
2016-02-22,2016-04-05,Anomaly,KARNATAKA_MULABAGILU
2016-02-29,2016-04-12,Anomaly,KARNATAKA_SRINIVASAPUR
2016-02-29,2016-04-12,Anomaly,UTTAR PRADESH_FAIZABAD
2016-02-29,2016-04-12,Anomaly,KARNATAKA_MULABAGILU
2016-03-07,2016-04-19,Anomaly,KARNATAKA_SRINIVASAPUR
2016-03-07,2016-04-19,Anomaly,UTTAR PRADESH_FAIZABAD
2016-03-07,2016-04-19,Anomaly,KARNATAKA_MULABAGILU
2016-03-14,2016-04-26,Anomaly,KARNATAKA_SRINIVASAPUR
2016-03-14,2016-04-26,Normal,UTTAR PRADESH_FAIZABAD
2016-03-14,2016-04-26,Anomaly,KARNATAKA_MULABAGILU
2016-03-21,2016-05-03,Normal,UTTAR PRADESH_FAIZABAD
2016-03-21,2016-05-03,Normal,KARNATAKA_MULABAGILU
2016-03-21,2016-05-03,Normal,KARNATAKA_SRINIVASAPUR
2016-03-28,2016-05-10,Normal,KARNATAKA_MULABAGILU
2016-03-28,2016-05-10,Normal,KARNATAKA_SRINIVASAPUR
2016-03-28,2016-05-10,Normal,UTTAR PRADESH_FAIZABAD
2016-04-04,2016-05-17,Normal,KARNATAKA_MULABAGILU
2016-04-04,2016-05-17,Normal,KARNATAKA_SRINIVASAPUR
2016-04-04,2016-05-17,Normal,UTTAR PRADESH_FAIZABAD
2016-04-11,2016-05-24,Anomaly,KARNATAKA_MULABAGILU
2016-04-11,2016-05-24,Normal,KARNATAKA_SRINIVASAPUR
2016-04-11,2016-05-24,Normal,UTTAR PRADESH_FAIZABAD
2016-04-18,2016-05-31,Anomaly,KARNATAKA_SRINIVASAPUR
2016-04-18,2016-05-31,Normal,UTTAR PRADESH_FAIZABAD
2016-04-18,2016-05-31,Anomaly,KARNATAKA_MULABAGILU
2016-04-25,2016-06-07,Normal,UTTAR PRADESH_FAIZABAD
2016-04-25,2016-06-07,Anomaly,KARNATAKA_MULABAGILU
2016-04-25,2016-06-07,Anomaly,KARNATAKA_SRINIVASAPUR
2016-05-02,2016-06-14,Normal,UTTAR PRADESH_FAIZABAD
2016-05-02,2016-06-14,Anomaly,KARNATAKA_MULABAGILU
2016-05-02,2016-06-14,Normal,KARNATAKA_SRINIVASAPUR
2016-05-09,2016-06-21,Normal,UTTAR PRADESH_FAIZABAD
2016-05-09,2016-06-21,Anomaly,KARNATAKA_MULABAGILU
2016-05-09,2016-06-21,Normal,KARNATAKA_SRINIVASAPUR
2016-05-16,2016-06-28,Normal,KARNATAKA_MULABAGILU
2016-05-16,2016-06-28,Normal,KARNATAKA_SRINIVASAPUR
2016-05-16,2016-06-28,Normal,UTTAR PRADESH_FAIZABAD
2016-05-23,2016-07-05,Normal,KARNATAKA_SRINIVASAPUR
2016-05-23,2016-07-05,Normal,UTTAR PRADESH_FAIZABAD
2016-05-23,2016-07-05,Normal,KARNATAKA_MULABAGILU
2016-05-30,2016-07-12,Normal,KARNATAKA_SRINIVASAPUR
2016-05-30,2016-07-12,Normal,UTTAR PRADESH_FAIZABAD
2016-05-30,2016-07-12,Normal,KARNATAKA_MULABAGILU
2016-06-06,2016-07-19,Normal,KARNATAKA_SRINIVASAPUR
2016-06-06,2016-07-19,Normal,UTTAR PRADESH_FAIZABAD
2016-06-06,2016-07-19,Normal,KARNATAKA_MULABAGILU
2016-06-13,2016-07-26,Normal,KARNATAKA_SRINIVASAPUR
2016-06-13,2016-07-26,Normal,KARNATAKA_MULABAGILU
2016-06-13,2016-07-26,Normal,UTTAR PRADESH_FAIZABAD
2016-06-20,2016-08-02,Normal,KARNATAKA_MULABAGILU
2016-06-20,2016-08-02,Normal,KARNATAKA_SRINIVASAPUR
2016-06-20,2016-08-02,Normal,UTTAR PRADESH_FAIZABAD
2016-06-27,2016-08-09,Anomaly,KARNATAKA_MULABAGILU
2016-06-27,2016-08-09,Anomaly,KARNATAKA_SRINIVASAPUR
2016-06-27,2016-08-09,Normal,UTTAR PRADESH_FAIZABAD
2016-07-04,2016-08-16,Anomaly,KARNATAKA_MULABAGILU
2016-07-04,2016-08-16,Anomaly,KARNATAKA_SRINIVASAPUR
2016-07-04,2016-08-16,Normal,UTTAR PRADESH_FAIZABAD
2016-07-11,2016-08-23,Anomaly,KARNATAKA_SRINIVASAPUR
2016-07-11,2016-08-23,Normal,UTTAR PRADESH_FAIZABAD
2016-07-11,2016-08-23,Anomaly,KARNATAKA_MULABAGILU
2016-07-18,2016-08-30,Normal,UTTAR PRADESH_FAIZABAD
2016-07-18,2016-08-30,Anomaly,KARNATAKA_MULABAGILU
2016-07-18,2016-08-30,Anomaly,KARNATAKA_SRINIVASAPUR
2016-07-25,2016-09-06,Normal,UTTAR PRADESH_FAIZABAD
2016-07-25,2016-09-06,Anomaly,KARNATAKA_MULABAGILU
2016-07-25,2016-09-06,Anomaly,KARNATAKA_SRINIVASAPUR
2016-08-01,2016-09-13,Normal,UTTAR PRADESH_FAIZABAD
2016-08-01,2016-09-13,Anomaly,KARNATAKA_SRINIVASAPUR
2016-08-01,2016-09-13,Anomaly,KARNATAKA_MULABAGILU
2016-08-08,2016-09-20,Anomaly,KARNATAKA_SRINIVASAPUR
2016-08-08,2016-09-20,Normal,UTTAR PRADESH_FAIZABAD
2016-08-08,2016-09-20,Anomaly,KARNATAKA_MULABAGILU
2016-08-15,2016-09-27,Anomaly,KARNATAKA_SRINIVASAPUR
2016-08-15,2016-09-27,Normal,UTTAR PRADESH_FAIZABAD
2016-08-15,2016-09-27,Anomaly,KARNATAKA_MULABAGILU
2016-08-22,2016-10-04,Normal,KARNATAKA_SRINIVASAPUR
2016-08-22,2016-10-04,Normal,UTTAR PRADESH_FAIZABAD
2016-08-22,2016-10-04,Normal,KARNATAKA_MULABAGILU
2016-08-29,2016-10-11,Normal,UTTAR PRADESH_FAIZABAD
2016-08-29,2016-10-11,Normal,KARNATAKA_MULABAGILU
2016-08-29,2016-10-11,Normal,KARNATAKA_SRINIVASAPUR
2016-09-05,2016-10-18,Normal,KARNATAKA_MULABAGILU
2016-09-05,2016-10-18,Normal,KARNATAKA_SRINIVASAPUR
2016-09-05,2016-10-18,Normal,UTTAR PRADESH_FAIZABAD
2016-09-12,2016-10-25,Normal,KARNATAKA_MULABAGILU
2016-09-12,2016-10-25,Normal,KARNATAKA_SRINIVASAPUR
2016-09-12,2016-10-25,Normal,UTTAR PRADESH_FAIZABAD
2016-09-19,2016-11-01,Normal,KARNATAKA_MULABAGILU
2016-09-19,2016-11-01,Normal,KARNATAKA_SRINIVASAPUR
2016-09-19,2016-11-01,Normal,UTTAR PRADESH_FAIZABAD
2016-09-26,2016-11-08,Normal,KARNATAKA_MULABAGILU
2016-09-26,2016-11-08,Normal,UTTAR PRADESH_FAIZABAD
2016-09-26,2016-11-08,Normal,KARNATAKA_SRINIVASAPUR
2016-10-03,2016-11-15,Normal,UTTAR PRADESH_FAIZABAD
2016-10-03,2016-11-15,Anomaly,KARNATAKA_MULABAGILU
2016-10-03,2016-11-15,Anomaly,KARNATAKA_SRINIVASAPUR
2016-10-10,2016-11-22,Normal,UTTAR PRADESH_FAIZABAD
2016-10-10,2016-11-22,Anomaly,KARNATAKA_MULABAGILU
2016-10-10,2016-11-22,Anomaly,KARNATAKA_SRINIVASAPUR
2016-10-17,2016-11-29,Normal,UTTAR PRADESH_FAIZABAD
2016-10-17,2016-11-29,Anomaly,KARNATAKA_MULABAGILU
2016-10-17,2016-11-29,Anomaly,KARNATAKA_SRINIVASAPUR
2016-10-24,2016-12-06,Anomaly,KARNATAKA_MULABAGILU
2016-10-24,2016-12-06,Anomaly,KARNATAKA_SRINIVASAPUR
2016-10-24,2016-12-06,Normal,UTTAR PRADESH_FAIZABAD
2016-10-31,2016-12-13,Anomaly,KARNATAKA_SRINIVASAPUR
2016-10-31,2016-12-13,Normal,UTTAR PRADESH_FAIZABAD
2016-10-31,2016-12-13,Anomaly,KARNATAKA_MULABAGILU
2016-11-07,2016-12-20,Normal,KARNATAKA_SRINIVASAPUR
2016-11-07,2016-12-20,Normal,UTTAR PRADESH_FAIZABAD
2016-11-07,2016-12-20,Normal,KARNATAKA_MULABAGILU
2016-11-14,2016-12-27,Normal,KARNATAKA_SRINIVASAPUR
2016-11-14,2016-12-27,Normal,UTTAR PRADESH_FAIZABAD
2016-11-14,2016-12-27,Normal,KARNATAKA_MULABAGILU
2016-11-21,2017-01-03,Normal,UTTAR PRADESH_FAIZABAD
2016-11-21,2017-01-03,Normal,KARNATAKA_MULABAGILU
2016-11-21,2017-01-03,Normal,KARNATAKA_SRINIVASAPUR
2016-11-28,2017-01-10,Normal,KARNATAKA_MULABAGILU
2016-11-28,2017-01-10,Normal,KARNATAKA_SRINIVASAPUR
2016-11-28,2017-01-10,Normal,UTTAR PRADESH_FAIZABAD
2016-12-05,2017-01-17,Normal,KARNATAKA_MULABAGILU
2016-12-05,2017-01-17,Normal,KARNATAKA_SRINIVASAPUR
2016-12-05,2017-01-17,Normal,UTTAR PRADESH_FAIZABAD
2016-12-12,2017-01-24,Normal,KARNATAKA_MULABAGILU
2016-12-12,2017-01-24,Normal,KARNATAKA_SRINIVASAPUR
2016-12-12,2017-01-24,Normal,UTTAR PRADESH_FAIZABAD
2016-12-19,2017-01-31,Normal,KARNATAKA_SRINIVASAPUR
2016-12-19,2017-01-31,Normal,UTTAR PRADESH_FAIZABAD
2016-12-19,2017-01-31,Normal,KARNATAKA_MULABAGILU
2016-12-26,2017-02-07,Normal,UTTAR PRADESH_FAIZABAD
2016-12-26,2017-02-07,Normal,KARNATAKA_MULABAGILU
2016-12-26,2017-02-07,Normal,KARNATAKA_SRINIVASAPUR
2017-01-01,2017-02-13,Normal,UTTAR PRADESH_FAIZABAD
2017-01-01,2017-02-13,Normal,KARNATAKA_MULABAGILU
2017-01-01,2017-02-13,Normal,KARNATAKA_SRINIVASAPUR
2017-01-08,2017-02-20,Normal,UTTAR PRADESH_FAIZABAD
2017-01-08,2017-02-20,Anomaly,KARNATAKA_MULABAGILU
2017-01-08,2017-02-20,Normal,KARNATAKA_SRINIVASAPUR
2017-01-15,2017-02-27,Normal,UTTAR PRADESH_FAIZABAD
2017-01-15,2017-02-27,Normal,KARNATAKA_SRINIVASAPUR
2017-01-15,2017-02-27,Anomaly,KARNATAKA_MULABAGILU
2017-01-22,2017-03-06,Normal,KARNATAKA_SRINIVASAPUR
2017-01-22,2017-03-06,Normal,UTTAR PRADESH_FAIZABAD
2017-01-22,2017-03-06,Anomaly,KARNATAKA_MULABAGILU
2017-01-29,2017-03-13,Normal,KARNATAKA_SRINIVASAPUR
2017-01-29,2017-03-13,Anomaly,UTTAR PRADESH_FAIZABAD
2017-01-29,2017-03-13,Normal,KARNATAKA_MULABAGILU
2017-02-05,2017-03-20,Normal,KARNATAKA_SRINIVASAPUR
2017-02-05,2017-03-20,Anomaly,UTTAR PRADESH_FAIZABAD
2017-02-05,2017-03-20,Normal,KARNATAKA_MULABAGILU
2017-02-12,2017-03-27,Normal,UTTAR PRADESH_FAIZABAD
2017-02-12,2017-03-27,Normal,KARNATAKA_MULABAGILU
2017-02-12,2017-03-27,Normal,KARNATAKA_SRINIVASAPUR
2017-02-19,2017-04-03,Normal,KARNATAKA_MULABAGILU
2017-02-19,2017-04-03,Normal,KARNATAKA_SRINIVASAPUR
2017-02-19,2017-04-03,Normal,UTTAR PRADESH_FAIZABAD
2017-02-26,2017-04-10,Normal,KARNATAKA_MULABAGILU
2017-02-26,2017-04-10,Normal,KARNATAKA_SRINIVASAPUR
2017-02-26,2017-04-10,Normal,UTTAR PRADESH_FAIZABAD
2017-03-05,2017-04-17,Normal,KARNATAKA_SRINIVASAPUR
2017-03-05,2017-04-17,Normal,UTTAR PRADESH_FAIZABAD
2017-03-05,2017-04-17,Normal,KARNATAKA_MULABAGILU
2017-03-12,2017-04-24,Normal,UTTAR PRADESH_FAIZABAD
2017-03-12,2017-04-24,Normal,KARNATAKA_MULABAGILU
2017-03-12,2017-04-24,Normal,KARNATAKA_SRINIVASAPUR
2017-03-19,2017-05-01,Normal,UTTAR PRADESH_FAIZABAD
2017-03-19,2017-05-01,Normal,KARNATAKA_MULABAGILU
2017-03-19,2017-05-01,Normal,KARNATAKA_SRINIVASAPUR
2017-03-26,2017-05-08,Normal,UTTAR PRADESH_FAIZABAD
2017-03-26,2017-05-08,Normal,KARNATAKA_MULABAGILU
2017-03-26,2017-05-08,Normal,KARNATAKA_SRINIVASAPUR
2017-04-02,2017-05-15,Normal,KARNATAKA_MULABAGILU
2017-04-02,2017-05-15,Normal,KARNATAKA_SRINIVASAPUR
2017-04-02,2017-05-15,Normal,UTTAR PRADESH_FAIZABAD
2017-04-09,2017-05-22,Normal,KARNATAKA_SRINIVASAPUR
2017-04-09,2017-05-22,Normal,UTTAR PRADESH_FAIZABAD
2017-04-09,2017-05-22,Normal,KARNATAKA_MULABAGILU
2017-04-16,2017-05-29,Normal,KARNATAKA_SRINIVASAPUR
2017-04-16,2017-05-29,Normal,UTTAR PRADESH_FAIZABAD
2017-04-16,2017-05-29,Normal,KARNATAKA_MULABAGILU
2017-04-23,2017-06-05,Normal,KARNATAKA_SRINIVASAPUR
2017-04-23,2017-06-05,Normal,UTTAR PRADESH_FAIZABAD
2017-04-23,2017-06-05,Normal,KARNATAKA_MULABAGILU
2017-04-30,2017-06-12,Normal,KARNATAKA_SRINIVASAPUR
2017-04-30,2017-06-12,Normal,KARNATAKA_MULABAGILU
2017-04-30,2017-06-12,Normal,UTTAR PRADESH_FAIZABAD
2017-05-07,2017-06-19,Normal,KARNATAKA_MULABAGILU
2017-05-07,2017-06-19,Normal,KARNATAKA_SRINIVASAPUR
2017-05-07,2017-06-19,Normal,UTTAR PRADESH_FAIZABAD
2017-05-14,2017-06-26,Normal,KARNATAKA_MULABAGILU
2017-05-14,2017-06-26,Normal,KARNATAKA_SRINIVASAPUR
2017-05-14,2017-06-26,Normal,UTTAR PRADESH_FAIZABAD
2017-05-21,2017-07-03,Normal,KARNATAKA_MULABAGILU
2017-05-21,2017-07-03,Anomaly,KARNATAKA_SRINIVASAPUR
2017-05-21,2017-07-03,Normal,UTTAR PRADESH_FAIZABAD
2017-05-28,2017-07-10,Anomaly,KARNATAKA_SRINIVASAPUR
2017-05-28,2017-07-10,Anomaly,UTTAR PRADESH_FAIZABAD
2017-05-28,2017-07-10,Anomaly,KARNATAKA_MULABAGILU
2017-06-04,2017-07-17,Anomaly,UTTAR PRADESH_FAIZABAD
2017-06-04,2017-07-17,Anomaly,KARNATAKA_MULABAGILU
2017-06-04,2017-07-17,Anomaly,KARNATAKA_SRINIVASAPUR
2017-06-11,2017-07-24,Anomaly,UTTAR PRADESH_FAIZABAD
2017-06-11,2017-07-24,Anomaly,KARNATAKA_MULABAGILU
2017-06-11,2017-07-24,Anomaly,KARNATAKA_SRINIVASAPUR
2017-06-18,2017-07-31,Anomaly,UTTAR PRADESH_FAIZABAD
2017-06-18,2017-07-31,Anomaly,KARNATAKA_MULABAGILU
2017-06-18,2017-07-31,Anomaly,KARNATAKA_SRINIVASAPUR
2017-06-25,2017-08-07,Anomaly,KARNATAKA_MULABAGILU
2017-06-25,2017-08-07,Anomaly,KARNATAKA_SRINIVASAPUR
2017-06-25,2017-08-07,Anomaly,UTTAR PRADESH_FAIZABAD
2017-07-02,2017-08-14,Anomaly,KARNATAKA_SRINIVASAPUR
2017-07-02,2017-08-14,Anomaly,UTTAR PRADESH_FAIZABAD
2017-07-02,2017-08-14,Anomaly,KARNATAKA_MULABAGILU
2017-07-09,2017-08-21,Normal,KARNATAKA_SRINIVASAPUR
2017-07-09,2017-08-21,Anomaly,UTTAR PRADESH_FAIZABAD
2017-07-09,2017-08-21,Normal,KARNATAKA_MULABAGILU
2017-07-16,2017-08-28,Anomaly,KARNATAKA_SRINIVASAPUR
2017-07-16,2017-08-28,Normal,UTTAR PRADESH_FAIZABAD
2017-07-16,2017-08-28,Anomaly,KARNATAKA_MULABAGILU
2017-07-23,2017-09-04,Normal,UTTAR PRADESH_FAIZABAD
2017-07-23,2017-09-04,Anomaly,KARNATAKA_MULABAGILU
2017-07-23,2017-09-04,Anomaly,KARNATAKA_SRINIVASAPUR
2017-07-30,2017-09-11,Anomaly,KARNATAKA_MULABAGILU
2017-07-30,2017-09-11,Anomaly,KARNATAKA_SRINIVASAPUR
2017-07-30,2017-09-11,Normal,UTTAR PRADESH_FAIZABAD
2017-08-06,2017-09-18,Anomaly,KARNATAKA_MULABAGILU
2017-08-06,2017-09-18,Anomaly,KARNATAKA_SRINIVASAPUR
2017-08-06,2017-09-18,Normal,UTTAR PRADESH_FAIZABAD
2017-08-13,2017-09-25,Anomaly,KARNATAKA_MULABAGILU
2017-08-13,2017-09-25,Anomaly,KARNATAKA_SRINIVASAPUR
2017-08-13,2017-09-25,Anomaly,UTTAR PRADESH_FAIZABAD
2017-08-20,2017-10-02,Anomaly,KARNATAKA_MULABAGILU
2017-08-20,2017-10-02,Anomaly,UTTAR PRADESH_FAIZABAD
2017-08-20,2017-10-02,Anomaly,KARNATAKA_SRINIVASAPUR
2017-08-27,2017-10-09,Anomaly,UTTAR PRADESH_FAIZABAD
2017-08-27,2017-10-09,Anomaly,KARNATAKA_MULABAGILU
2017-08-27,2017-10-09,Anomaly,KARNATAKA_SRINIVASAPUR
2017-09-03,2017-10-16,Normal,UTTAR PRADESH_FAIZABAD
2017-09-03,2017-10-16,Anomaly,KARNATAKA_MULABAGILU
2017-09-03,2017-10-16,Anomaly,KARNATAKA_SRINIVASAPUR
2017-09-10,2017-10-23,Normal,UTTAR PRADESH_FAIZABAD
2017-09-10,2017-10-23,Anomaly,KARNATAKA_MULABAGILU
2017-09-10,2017-10-23,Anomaly,KARNATAKA_SRINIVASAPUR
2017-09-17,2017-10-30,Anomaly,KARNATAKA_SRINIVASAPUR
2017-09-17,2017-10-30,Normal,UTTAR PRADESH_FAIZABAD
2017-09-17,2017-10-30,Normal,KARNATAKA_MULABAGILU
2017-09-24,2017-11-06,Normal,KARNATAKA_MULABAGILU
2017-09-24,2017-11-06,Normal,UTTAR PRADESH_FAIZABAD
2017-09-24,2017-11-06,Normal,KARNATAKA_SRINIVASAPUR
2017-10-01,2017-11-13,Normal,KARNATAKA_SRINIVASAPUR
2017-10-01,2017-11-13,Normal,UTTAR PRADESH_FAIZABAD
2017-10-01,2017-11-13,Normal,KARNATAKA_MULABAGILU
2017-10-08,2017-11-20,Normal,KARNATAKA_SRINIVASAPUR
2017-10-08,2017-11-20,Normal,UTTAR PRADESH_FAIZABAD
2017-10-08,2017-11-20,Normal,KARNATAKA_MULABAGILU
2017-10-15,2017-11-27,Normal,KARNATAKA_SRINIVASAPUR
2017-10-15,2017-11-27,Normal,KARNATAKA_MULABAGILU
2017-10-15,2017-11-27,Anomaly,UTTAR PRADESH_FAIZABAD
2017-10-22,2017-12-04,Normal,KARNATAKA_MULABAGILU
2017-10-22,2017-12-04,Normal,KARNATAKA_SRINIVASAPUR
2017-10-22,2017-12-04,Anomaly,UTTAR PRADESH_FAIZABAD
2017-10-29,2017-12-11,Normal,KARNATAKA_MULABAGILU
2017-10-29,2017-12-11,Normal,KARNATAKA_SRINIVASAPUR
2017-10-29,2017-12-11,Anomaly,UTTAR PRADESH_FAIZABAD
2017-11-05,2017-12-18,Anomaly,KARNATAKA_MULABAGILU
2017-11-05,2017-12-18,Normal,KARNATAKA_SRINIVASAPUR
2017-11-05,2017-12-18,Normal,UTTAR PRADESH_FAIZABAD
2017-11-12,2017-12-25,Anomaly,KARNATAKA_SRINIVASAPUR
2017-11-12,2017-12-25,Normal,UTTAR PRADESH_FAIZABAD
2017-11-12,2017-12-25,Anomaly,KARNATAKA_MULABAGILU
2017-11-19,2018-01-01,Anomaly,UTTAR PRADESH_FAIZABAD
2017-11-19,2018-01-01,Anomaly,KARNATAKA_MULABAGILU
2017-11-19,2018-01-01,Anomaly,KARNATAKA_SRINIVASAPUR
2017-11-26,2018-01-08,Anomaly,UTTAR PRADESH_FAIZABAD
2017-11-26,2018-01-08,Anomaly,KARNATAKA_MULABAGILU
2017-11-26,2018-01-08,Anomaly,KARNATAKA_SRINIVASAPUR
2017-12-03,2018-01-15,Anomaly,UTTAR PRADESH_FAIZABAD
2017-12-03,2018-01-15,Anomaly,KARNATAKA_MULABAGILU
2017-12-03,2018-01-15,Anomaly,KARNATAKA_SRINIVASAPUR
2017-12-10,2018-01-22,Anomaly,UTTAR PRADESH_FAIZABAD
2017-12-10,2018-01-22,Anomaly,KARNATAKA_SRINIVASAPUR
2017-12-10,2018-01-22,Anomaly,KARNATAKA_MULABAGILU
2017-12-17,2018-01-29,Anomaly,KARNATAKA_SRINIVASAPUR
2017-12-17,2018-01-29,Anomaly,UTTAR PRADESH_FAIZABAD
2017-12-17,2018-01-29,Anomaly,KARNATAKA_MULABAGILU
2017-12-24,2018-02-05,Anomaly,KARNATAKA_SRINIVASAPUR
2017-12-24,2018-02-05,Normal,UTTAR PRADESH_FAIZABAD
2017-12-24,2018-02-05,Anomaly,KARNATAKA_MULABAGILU
2017-12-31,2018-02-12,Anomaly,KARNATAKA_SRINIVASAPUR
2017-12-31,2018-02-12,Normal,UTTAR PRADESH_FAIZABAD
2017-12-31,2018-02-12,Anomaly,KARNATAKA_MULABAGILU
2018-01-07,2018-02-19,Anomaly,KARNATAKA_MULABAGILU
2018-01-07,2018-02-19,Anomaly,KARNATAKA_SRINIVASAPUR
2018-01-07,2018-02-19,Normal,UTTAR PRADESH_FAIZABAD
2018-01-14,2018-02-26,Normal,UTTAR PRADESH_FAIZABAD
2018-01-14,2018-02-26,Anomaly,KARNATAKA_SRINIVASAPUR
2018-01-14,2018-02-26,Anomaly,KARNATAKA_MULABAGILU
2018-01-21,2018-03-05,Anomaly,KARNATAKA_MULABAGILU
2018-01-21,2018-03-05,Anomaly,KARNATAKA_SRINIVASAPUR
2018-01-21,2018-03-05,Normal,UTTAR PRADESH_FAIZABAD
2018-01-28,2018-03-12,Normal,KARNATAKA_MULABAGILU
2018-01-28,2018-03-12,Anomaly,KARNATAKA_SRINIVASAPUR
2018-01-28,2018-03-12,Normal,UTTAR PRADESH_FAIZABAD
2018-02-04,2018-03-19,Anomaly,KARNATAKA_SRINIVASAPUR
2018-02-04,2018-03-19,Normal,UTTAR PRADESH_FAIZABAD
2018-02-04,2018-03-19,Anomaly,KARNATAKA_MULABAGILU
2018-02-11,2018-03-26,Normal,UTTAR PRADESH_FAIZABAD
2018-02-11,2018-03-26,Anomaly,KARNATAKA_MULABAGILU
2018-02-11,2018-03-26,Anomaly,KARNATAKA_SRINIVASAPUR
2018-02-18,2018-04-02,Normal,UTTAR PRADESH_FAIZABAD
2018-02-18,2018-04-02,Anomaly,KARNATAKA_MULABAGILU
2018-02-18,2018-04-02,Anomaly,KARNATAKA_SRINIVASAPUR
2018-02-25,2018-04-09,Normal,UTTAR PRADESH_FAIZABAD
2018-02-25,2018-04-09,Normal,KARNATAKA_MULABAGILU
2018-02-25,2018-04-09,Anomaly,KARNATAKA_SRINIVASAPUR
2018-03-04,2018-04-16,Normal,KARNATAKA_SRINIVASAPUR
2018-03-04,2018-04-16,Normal,UTTAR PRADESH_FAIZABAD
2018-03-04,2018-04-16,Normal,KARNATAKA_MULABAGILU
2018-03-11,2018-04-23,Normal,KARNATAKA_MULABAGILU
2018-03-11,2018-04-23,Normal,UTTAR PRADESH_FAIZABAD
2018-03-11,2018-04-23,Normal,KARNATAKA_SRINIVASAPUR
2018-03-18,2018-04-30,Normal,KARNATAKA_SRINIVASAPUR
2018-03-18,2018-04-30,Normal,UTTAR PRADESH_FAIZABAD
2018-03-18,2018-04-30,Normal,KARNATAKA_MULABAGILU
2018-03-25,2018-05-07,Normal,KARNATAKA_SRINIVASAPUR
2018-03-25,2018-05-07,Normal,UTTAR PRADESH_FAIZABAD
2018-03-25,2018-05-07,Normal,KARNATAKA_MULABAGILU
2018-04-01,2018-05-14,Normal,KARNATAKA_SRINIVASAPUR
2018-04-01,2018-05-14,Normal,KARNATAKA_MULABAGILU
2018-04-01,2018-05-14,Normal,UTTAR PRADESH_FAIZABAD
2018-04-08,2018-05-21,Normal,KARNATAKA_MULABAGILU
2018-04-08,2018-05-21,Normal,UTTAR PRADESH_FAIZABAD
2018-04-08,2018-05-21,Normal,KARNATAKA_SRINIVASAPUR
2018-04-15,2018-05-28,Normal,KARNATAKA_MULABAGILU
2018-04-15,2018-05-28,Normal,UTTAR PRADESH_FAIZABAD
2018-04-15,2018-05-28,Normal,KARNATAKA_SRINIVASAPUR
2018-04-22,2018-06-04,Normal,KARNATAKA_MULABAGILU
2018-04-22,2018-06-04,Normal,UTTAR PRADESH_FAIZABAD
2018-04-22,2018-06-04,Normal,KARNATAKA_SRINIVASAPUR
2018-04-29,2018-06-11,Normal,KARNATAKA_MULABAGILU
2018-04-29,2018-06-11,Normal,UTTAR PRADESH_FAIZABAD
2018-04-29,2018-06-11,Normal,KARNATAKA_SRINIVASAPUR
2018-05-06,2018-06-18,Normal,UTTAR PRADESH_FAIZABAD
2018-05-06,2018-06-18,Normal,KARNATAKA_SRINIVASAPUR
2018-05-06,2018-06-18,Normal,KARNATAKA_MULABAGILU
2018-05-13,2018-06-25,Normal,KARNATAKA_SRINIVASAPUR
2018-05-13,2018-06-25,Normal,KARNATAKA_MULABAGILU
2018-05-13,2018-06-25,Normal,UTTAR PRADESH_FAIZABAD
2018-05-20,2018-07-02,Normal,KARNATAKA_MULABAGILU
2018-05-20,2018-07-02,Normal,KARNATAKA_SRINIVASAPUR
2018-05-20,2018-07-02,Normal,UTTAR PRADESH_FAIZABAD
2018-05-27,2018-07-09,Normal,KARNATAKA_SRINIVASAPUR
2018-05-27,2018-07-09,Normal,KARNATAKA_MULABAGILU
2018-05-27,2018-07-09,Normal,UTTAR PRADESH_FAIZABAD
2018-06-03,2018-07-16,Normal,KARNATAKA_MULABAGILU
2018-06-03,2018-07-16,Anomaly,UTTAR PRADESH_FAIZABAD
2018-06-03,2018-07-16,Normal,KARNATAKA_SRINIVASAPUR
2018-06-10,2018-07-23,Normal,KARNATAKA_SRINIVASAPUR
2018-06-10,2018-07-23,Anomaly,UTTAR PRADESH_FAIZABAD
2018-06-10,2018-07-23,Normal,KARNATAKA_MULABAGILU
2018-06-17,2018-07-30,Anomaly,UTTAR PRADESH_FAIZABAD
2018-06-17,2018-07-30,Normal,KARNATAKA_SRINIVASAPUR
2018-06-17,2018-07-30,Normal,KARNATAKA_MULABAGILU
2018-06-24,2018-08-06,Anomaly,UTTAR PRADESH_FAIZABAD
2018-06-24,2018-08-06,Normal,KARNATAKA_MULABAGILU
2018-06-24,2018-08-06,Normal,KARNATAKA_SRINIVASAPUR
2018-07-01,2018-08-13,Normal,KARNATAKA_MULABAGILU
2018-07-01,2018-08-13,Normal,KARNATAKA_SRINIVASAPUR
2018-07-01,2018-08-13,Anomaly,UTTAR PRADESH_FAIZABAD
2018-07-08,2018-08-20,Anomaly,KARNATAKA_SRINIVASAPUR
2018-07-08,2018-08-20,Anomaly,UTTAR PRADESH_FAIZABAD
2018-07-08,2018-08-20,Anomaly,KARNATAKA_MULABAGILU
2018-07-15,2018-08-27,Anomaly,KARNATAKA_SRINIVASAPUR
2018-07-15,2018-08-27,Anomaly,KARNATAKA_MULABAGILU
2018-07-15,2018-08-27,Normal,UTTAR PRADESH_FAIZABAD
2018-07-22,2018-09-03,Anomaly,KARNATAKA_MULABAGILU
2018-07-22,2018-09-03,Normal,UTTAR PRADESH_FAIZABAD
2018-07-22,2018-09-03,Anomaly,KARNATAKA_SRINIVASAPUR
2018-07-29,2018-09-10,Anomaly,KARNATAKA_MULABAGILU
2018-07-29,2018-09-10,Anomaly,KARNATAKA_SRINIVASAPUR
2018-07-29,2018-09-10,Normal,UTTAR PRADESH_FAIZABAD
2018-08-05,2018-09-17,Normal,UTTAR PRADESH_FAIZABAD
2018-08-05,2018-09-17,Anomaly,KARNATAKA_MULABAGILU
2018-08-05,2018-09-17,Anomaly,KARNATAKA_SRINIVASAPUR
2018-08-12,2018-09-24,Anomaly,KARNATAKA_MULABAGILU
2018-08-12,2018-09-24,Anomaly,KARNATAKA_SRINIVASAPUR
2018-08-12,2018-09-24,Normal,UTTAR PRADESH_FAIZABAD
2018-08-19,2018-10-01,Anomaly,KARNATAKA_SRINIVASAPUR
2018-08-19,2018-10-01,Normal,UTTAR PRADESH_FAIZABAD
2018-08-19,2018-10-01,Anomaly,KARNATAKA_MULABAGILU
2018-08-26,2018-10-08,Anomaly,KARNATAKA_SRINIVASAPUR
2018-08-26,2018-10-08,Anomaly,KARNATAKA_MULABAGILU
2018-08-26,2018-10-08,Normal,UTTAR PRADESH_FAIZABAD
2018-09-02,2018-10-15,Anomaly,KARNATAKA_MULABAGILU
2018-09-02,2018-10-15,Normal,UTTAR PRADESH_FAIZABAD
2018-09-02,2018-10-15,Anomaly,KARNATAKA_SRINIVASAPUR
2018-09-09,2018-10-22,Anomaly,KARNATAKA_SRINIVASAPUR
2018-09-09,2018-10-22,Anomaly,KARNATAKA_MULABAGILU
2018-09-09,2018-10-22,Normal,UTTAR PRADESH_FAIZABAD
2018-09-16,2018-10-29,Normal,UTTAR PRADESH_FAIZABAD
2018-09-16,2018-10-29,Anomaly,KARNATAKA_MULABAGILU
2018-09-16,2018-10-29,Anomaly,KARNATAKA_SRINIVASAPUR
2018-09-23,2018-11-05,Anomaly,KARNATAKA_MULABAGILU
2018-09-23,2018-11-05,Normal,UTTAR PRADESH_FAIZABAD
2018-09-23,2018-11-05,Anomaly,KARNATAKA_SRINIVASAPUR
2018-09-30,2018-11-12,Normal,UTTAR PRADESH_FAIZABAD
2018-09-30,2018-11-12,Anomaly,KARNATAKA_MULABAGILU
2018-09-30,2018-11-12,Anomaly,KARNATAKA_SRINIVASAPUR
2018-10-07,2018-11-19,Anomaly,KARNATAKA_MULABAGILU
2018-10-07,2018-11-19,Normal,UTTAR PRADESH_FAIZABAD
2018-10-07,2018-11-19,Anomaly,KARNATAKA_SRINIVASAPUR
2018-10-14,2018-11-26,Normal,KARNATAKA_MULABAGILU
2018-10-14,2018-11-26,Anomaly,KARNATAKA_SRINIVASAPUR
2018-10-14,2018-11-26,Normal,UTTAR PRADESH_FAIZABAD
2018-10-21,2018-12-03,Normal,UTTAR PRADESH_FAIZABAD
2018-10-21,2018-12-03,Normal,KARNATAKA_MULABAGILU
2018-10-21,2018-12-03,Anomaly,KARNATAKA_SRINIVASAPUR
2018-10-28,2018-12-10,Normal,KARNATAKA_SRINIVASAPUR
2018-10-28,2018-12-10,Normal,UTTAR PRADESH_FAIZABAD
2018-10-28,2018-12-10,Normal,KARNATAKA_MULABAGILU
2018-11-04,2018-12-17,Normal,KARNATAKA_SRINIVASAPUR
2018-11-04,2018-12-17,Normal,UTTAR PRADESH_FAIZABAD
2018-11-04,2018-12-17,Normal,KARNATAKA_MULABAGILU
2018-11-11,2018-12-24,Normal,KARNATAKA_SRINIVASAPUR
2018-11-11,2018-12-24,Normal,UTTAR PRADESH_FAIZABAD
2018-11-11,2018-12-24,Normal,KARNATAKA_MULABAGILU
2018-11-18,2018-12-31,Normal,UTTAR PRADESH_FAIZABAD
2018-11-18,2018-12-31,Normal,KARNATAKA_MULABAGILU
2018-11-18,2018-12-31,Normal,KARNATAKA_SRINIVASAPUR
2018-11-25,2019-01-07,Normal,UTTAR PRADESH_FAIZABAD
2018-11-25,2019-01-07,Normal,KARNATAKA_MULABAGILU
2018-11-25,2019-01-07,Normal,KARNATAKA_SRINIVASAPUR
2018-12-02,2019-01-14,Normal,KARNATAKA_SRINIVASAPUR
2018-12-02,2019-01-14,Normal,UTTAR PRADESH_FAIZABAD
2018-12-02,2019-01-14,Normal,KARNATAKA_MULABAGILU
2018-12-09,2019-01-21,Normal,UTTAR PRADESH_FAIZABAD
2018-12-09,2019-01-21,Normal,KARNATAKA_SRINIVASAPUR
2018-12-09,2019-01-21,Normal,KARNATAKA_MULABAGILU
2018-12-16,2019-01-28,Normal,UTTAR PRADESH_FAIZABAD
2018-12-16,2019-01-28,Normal,KARNATAKA_SRINIVASAPUR
2018-12-16,2019-01-28,Normal,KARNATAKA_MULABAGILU
2018-12-23,2019-02-04,Normal,KARNATAKA_SRINIVASAPUR
2018-12-23,2019-02-04,Normal,KARNATAKA_MULABAGILU
2018-12-23,2019-02-04,Normal,UTTAR PRADESH_FAIZABAD
2018-12-30,2019-02-11,Normal,UTTAR PRADESH_FAIZABAD
2018-12-30,2019-02-11,Normal,KARNATAKA_SRINIVASAPUR
2018-12-30,2019-02-11,Normal,KARNATAKA_MULABAGILU
2019-01-06,2019-02-18,Normal,KARNATAKA_SRINIVASAPUR
2019-01-06,2019-02-18,Normal,KARNATAKA_MULABAGILU
2019-01-06,2019-02-18,Normal,UTTAR PRADESH_FAIZABAD
2019-01-13,2019-02-25,Anomaly,KARNATAKA_SRINIVASAPUR
2019-01-13,2019-02-25,Anomaly,UTTAR PRADESH_FAIZABAD
2019-01-13,2019-02-25,Normal,KARNATAKA_MULABAGILU
2019-01-20,2019-03-04,Normal,KARNATAKA_SRINIVASAPUR
2019-01-20,2019-03-04,Normal,KARNATAKA_MULABAGILU
2019-01-20,2019-03-04,Normal,UTTAR PRADESH_FAIZABAD
2019-01-27,2019-03-11,Normal,KARNATAKA_MULABAGILU
2019-01-27,2019-03-11,Normal,UTTAR PRADESH_FAIZABAD
2019-01-27,2019-03-11,Normal,KARNATAKA_SRINIVASAPUR
2019-02-03,2019-03-18,Normal,KARNATAKA_MULABAGILU
2019-02-03,2019-03-18,Normal,UTTAR PRADESH_FAIZABAD
2019-02-03,2019-03-18,Normal,KARNATAKA_SRINIVASAPUR
2019-02-10,2019-03-25,Normal,KARNATAKA_MULABAGILU
2019-02-10,2019-03-25,Normal,UTTAR PRADESH_FAIZABAD
2019-02-10,2019-03-25,Normal,KARNATAKA_SRINIVASAPUR
2019-02-17,2019-04-01,Normal,KARNATAKA_MULABAGILU
2019-02-17,2019-04-01,Normal,KARNATAKA_SRINIVASAPUR
2019-02-17,2019-04-01,Normal,UTTAR PRADESH_FAIZABAD
2019-02-24,2019-04-08,Normal,UTTAR PRADESH_FAIZABAD
2019-02-24,2019-04-08,Normal,KARNATAKA_MULABAGILU
2019-02-24,2019-04-08,Normal,KARNATAKA_SRINIVASAPUR
2019-03-03,2019-04-15,Normal,UTTAR PRADESH_FAIZABAD
2019-03-03,2019-04-15,Normal,KARNATAKA_MULABAGILU
2019-03-03,2019-04-15,Normal,KARNATAKA_SRINIVASAPUR
2019-03-10,2019-04-22,Normal,UTTAR PRADESH_FAIZABAD
2019-03-10,2019-04-22,Normal,KARNATAKA_MULABAGILU
2019-03-10,2019-04-22,Normal,KARNATAKA_SRINIVASAPUR
2019-03-17,2019-04-29,Normal,UTTAR PRADESH_FAIZABAD
2019-03-17,2019-04-29,Normal,KARNATAKA_MULABAGILU
2019-03-17,2019-04-29,Normal,KARNATAKA_SRINIVASAPUR
2019-03-24,2019-05-06,Normal,KARNATAKA_SRINIVASAPUR
2019-03-24,2019-05-06,Normal,KARNATAKA_MULABAGILU
2019-03-24,2019-05-06,Normal,UTTAR PRADESH_FAIZABAD
2019-03-31,2019-05-13,Normal,UTTAR PRADESH_FAIZABAD
2019-03-31,2019-05-13,Normal,KARNATAKA_MULABAGILU
2019-03-31,2019-05-13,Normal,KARNATAKA_SRINIVASAPUR
2019-04-07,2019-05-20,Normal,UTTAR PRADESH_FAIZABAD
2019-04-07,2019-05-20,Normal,KARNATAKA_MULABAGILU
2019-04-07,2019-05-20,Normal,KARNATAKA_SRINIVASAPUR
2019-04-14,2019-05-27,Normal,KARNATAKA_MULABAGILU
2019-04-14,2019-05-27,Normal,UTTAR PRADESH_FAIZABAD
2019-04-14,2019-05-27,Anomaly,KARNATAKA_SRINIVASAPUR
2019-04-21,2019-06-03,Normal,KARNATAKA_SRINIVASAPUR
2019-04-21,2019-06-03,Normal,KARNATAKA_MULABAGILU
2019-04-21,2019-06-03,Normal,UTTAR PRADESH_FAIZABAD
2019-04-28,2019-06-10,Normal,KARNATAKA_MULABAGILU
2019-04-28,2019-06-10,Normal,KARNATAKA_SRINIVASAPUR
2019-04-28,2019-06-10,Normal,UTTAR PRADESH_FAIZABAD
2019-05-05,2019-06-17,Normal,KARNATAKA_MULABAGILU
2019-05-05,2019-06-17,Normal,KARNATAKA_SRINIVASAPUR
2019-05-05,2019-06-17,Normal,UTTAR PRADESH_FAIZABAD
2019-05-12,2019-06-24,Normal,UTTAR PRADESH_FAIZABAD
2019-05-12,2019-06-24,Normal,KARNATAKA_SRINIVASAPUR
2019-05-12,2019-06-24,Normal,KARNATAKA_MULABAGILU
2019-05-19,2019-07-01,Normal,UTTAR PRADESH_FAIZABAD
2019-05-19,2019-07-01,Normal,KARNATAKA_SRINIVASAPUR
2019-05-19,2019-07-01,Normal,KARNATAKA_MULABAGILU
2019-05-26,2019-07-08,Normal,KARNATAKA_MULABAGILU
2019-05-26,2019-07-08,Normal,UTTAR PRADESH_FAIZABAD
2019-05-26,2019-07-08,Normal,KARNATAKA_SRINIVASAPUR
2019-06-02,2019-07-15,Anomaly,UTTAR PRADESH_FAIZABAD
2019-06-02,2019-07-15,Anomaly,KARNATAKA_MULABAGILU
2019-06-02,2019-07-15,Anomaly,KARNATAKA_SRINIVASAPUR
2019-06-09,2019-07-22,Anomaly,UTTAR PRADESH_FAIZABAD
2019-06-09,2019-07-22,Anomaly,KARNATAKA_SRINIVASAPUR
2019-06-09,2019-07-22,Anomaly,KARNATAKA_MULABAGILU
2019-06-16,2019-07-29,Anomaly,KARNATAKA_SRINIVASAPUR
2019-06-16,2019-07-29,Anomaly,KARNATAKA_MULABAGILU
2019-06-16,2019-07-29,Anomaly,UTTAR PRADESH_FAIZABAD
2019-06-23,2019-08-05,Normal,UTTAR PRADESH_FAIZABAD
2019-06-23,2019-08-05,Anomaly,KARNATAKA_SRINIVASAPUR
2019-06-23,2019-08-05,Anomaly,KARNATAKA_MULABAGILU
2019-06-30,2019-08-12,Anomaly,KARNATAKA_MULABAGILU
2019-06-30,2019-08-12,Normal,UTTAR PRADESH_FAIZABAD
2019-06-30,2019-08-12,Anomaly,KARNATAKA_SRINIVASAPUR
2019-07-07,2019-08-19,Normal,KARNATAKA_MULABAGILU
2019-07-07,2019-08-19,Normal,KARNATAKA_SRINIVASAPUR
2019-07-07,2019-08-19,Anomaly,UTTAR PRADESH_FAIZABAD
2019-07-14,2019-08-26,Anomaly,UTTAR PRADESH_FAIZABAD
2019-07-14,2019-08-26,Normal,KARNATAKA_SRINIVASAPUR
2019-07-14,2019-08-26,Normal,KARNATAKA_MULABAGILU
2019-07-21,2019-09-02,Normal,KARNATAKA_SRINIVASAPUR
2019-07-21,2019-09-02,Anomaly,KARNATAKA_MULABAGILU
2019-07-21,2019-09-02,Anomaly,UTTAR PRADESH_FAIZABAD
2019-07-28,2019-09-09,Anomaly,KARNATAKA_MULABAGILU
2019-07-28,2019-09-09,Anomaly,KARNATAKA_SRINIVASAPUR
2019-07-28,2019-09-09,Normal,UTTAR PRADESH_FAIZABAD
2019-08-04,2019-09-16,Normal,UTTAR PRADESH_FAIZABAD
2019-08-04,2019-09-16,Anomaly,KARNATAKA_MULABAGILU
2019-08-04,2019-09-16,Anomaly,KARNATAKA_SRINIVASAPUR
2019-08-11,2019-09-23,Anomaly,KARNATAKA_MULABAGILU
2019-08-11,2019-09-23,Normal,UTTAR PRADESH_FAIZABAD
2019-08-11,2019-09-23,Anomaly,KARNATAKA_SRINIVASAPUR
2019-08-18,2019-09-30,Anomaly,KARNATAKA_SRINIVASAPUR
2019-08-18,2019-09-30,Anomaly,KARNATAKA_MULABAGILU
2019-08-18,2019-09-30,Normal,UTTAR PRADESH_FAIZABAD
2019-08-25,2019-10-07,Anomaly,KARNATAKA_MULABAGILU
2019-08-25,2019-10-07,Normal,UTTAR PRADESH_FAIZABAD
2019-08-25,2019-10-07,Anomaly,KARNATAKA_SRINIVASAPUR
2019-09-01,2019-10-14,Anomaly,KARNATAKA_SRINIVASAPUR
2019-09-01,2019-10-14,Anomaly,KARNATAKA_MULABAGILU
2019-09-01,2019-10-14,Normal,UTTAR PRADESH_FAIZABAD
2019-09-08,2019-10-21,Normal,KARNATAKA_MULABAGILU
2019-09-08,2019-10-21,Anomaly,KARNATAKA_SRINIVASAPUR
2019-09-08,2019-10-21,Normal,UTTAR PRADESH_FAIZABAD
2019-09-15,2019-10-28,Anomaly,KARNATAKA_SRINIVASAPUR
2019-09-15,2019-10-28,Normal,UTTAR PRADESH_FAIZABAD
2019-09-15,2019-10-28,Normal,KARNATAKA_MULABAGILU
2019-09-22,2019-11-04,Normal,KARNATAKA_MULABAGILU
2019-09-22,2019-11-04,Normal,KARNATAKA_SRINIVASAPUR
2019-09-22,2019-11-04,Normal,UTTAR PRADESH_FAIZABAD
2019-09-29,2019-11-11,Normal,UTTAR PRADESH_FAIZABAD
2019-09-29,2019-11-11,Normal,KARNATAKA_MULABAGILU
2019-09-29,2019-11-11,Normal,KARNATAKA_SRINIVASAPUR
2019-10-06,2019-11-18,Normal,UTTAR PRADESH_FAIZABAD
2019-10-06,2019-11-18,Normal,KARNATAKA_MULABAGILU
2019-10-06,2019-11-18,Normal,KARNATAKA_SRINIVASAPUR
2019-10-13,2019-11-25,Normal,UTTAR PRADESH_FAIZABAD
2019-10-13,2019-11-25,Anomaly,KARNATAKA_SRINIVASAPUR
2019-10-13,2019-11-25,Normal,KARNATAKA_MULABAGILU
2019-10-20,2019-12-02,Anomaly,KARNATAKA_SRINIVASAPUR
2019-10-20,2019-12-02,Normal,KARNATAKA_MULABAGILU
2019-10-20,2019-12-02,Normal,UTTAR PRADESH_FAIZABAD
2019-10-27,2019-12-09,Normal,UTTAR PRADESH_FAIZABAD
2019-10-27,2019-12-09,Anomaly,KARNATAKA_SRINIVASAPUR
2019-10-27,2019-12-09,Anomaly,KARNATAKA_MULABAGILU
2019-11-03,2019-12-16,Anomaly,KARNATAKA_SRINIVASAPUR
2019-11-03,2019-12-16,Anomaly,KARNATAKA_MULABAGILU
2019-11-03,2019-12-16,Normal,UTTAR PRADESH_FAIZABAD
2019-11-10,2019-12-23,Anomaly,KARNATAKA_SRINIVASAPUR
2019-11-10,2019-12-23,Anomaly,KARNATAKA_MULABAGILU
2019-11-10,2019-12-23,Normal,UTTAR PRADESH_FAIZABAD
2019-11-17,2019-12-30,Anomaly,KARNATAKA_SRINIVASAPUR
2019-11-17,2019-12-30,Normal,UTTAR PRADESH_FAIZABAD
2019-11-17,2019-12-30,Anomaly,KARNATAKA_MULABAGILU
2019-11-24,2020-01-06,Anomaly,KARNATAKA_SRINIVASAPUR
2019-11-24,2020-01-06,Anomaly,KARNATAKA_MULABAGILU
2019-11-24,2020-01-06,Normal,UTTAR PRADESH_FAIZABAD
2019-12-01,2020-01-13,Anomaly,KARNATAKA_SRINIVASAPUR
2019-12-01,2020-01-13,Normal,UTTAR PRADESH_FAIZABAD
2019-12-01,2020-01-13,Anomaly,KARNATAKA_MULABAGILU
2019-12-08,2020-01-20,Anomaly,KARNATAKA_MULABAGILU
2019-12-08,2020-01-20,Normal,UTTAR PRADESH_FAIZABAD
2019-12-08,2020-01-20,Anomaly,KARNATAKA_SRINIVASAPUR
2019-12-15,2020-01-27,Normal,UTTAR PRADESH_FAIZABAD
2019-12-15,2020-01-27,Anomaly,KARNATAKA_MULABAGILU
2019-12-15,2020-01-27,Anomaly,KARNATAKA_SRINIVASAPUR
2019-12-22,2020-02-03,Normal,UTTAR PRADESH_FAIZABAD
2019-12-22,2020-02-03,Anomaly,KARNATAKA_MULABAGILU
2019-12-22,2020-02-03,Anomaly,KARNATAKA_SRINIVASAPUR
2019-12-29,2020-02-10,Normal,UTTAR PRADESH_FAIZABAD
2019-12-29,2020-02-10,Anomaly,KARNATAKA_SRINIVASAPUR
2019-12-29,2020-02-10,Anomaly,KARNATAKA_MULABAGILU
2020-01-05,2020-02-17,Anomaly,KARNATAKA_MULABAGILU
2020-01-05,2020-02-17,Anomaly,KARNATAKA_SRINIVASAPUR
2020-01-05,2020-02-17,Normal,UTTAR PRADESH_FAIZABAD
2020-01-12,2020-02-24,Normal,UTTAR PRADESH_FAIZABAD
2020-01-12,2020-02-24,Anomaly,KARNATAKA_SRINIVASAPUR
2020-01-12,2020-02-24,Anomaly,KARNATAKA_MULABAGILU
2020-01-19,2020-03-02,Anomaly,KARNATAKA_SRINIVASAPUR
2020-01-19,2020-03-02,Normal,UTTAR PRADESH_FAIZABAD
2020-01-19,2020-03-02,Anomaly,KARNATAKA_MULABAGILU
2020-01-26,2020-03-09,Anomaly,KARNATAKA_SRINIVASAPUR
2020-01-26,2020-03-09,Anomaly,KARNATAKA_MULABAGILU
2020-01-26,2020-03-09,Normal,UTTAR PRADESH_FAIZABAD
2020-02-02,2020-03-16,Normal,UTTAR PRADESH_FAIZABAD
2020-02-02,2020-03-16,Anomaly,KARNATAKA_SRINIVASAPUR
2020-02-02,2020-03-16,Anomaly,KARNATAKA_MULABAGILU
2020-02-09,2020-03-23,Anomaly,KARNATAKA_SRINIVASAPUR
2020-02-09,2020-03-23,Anomaly,KARNATAKA_MULABAGILU
2020-02-09,2020-03-23,Normal,UTTAR PRADESH_FAIZABAD
2020-02-16,2020-03-30,Normal,UTTAR PRADESH_FAIZABAD
2020-02-16,2020-03-30,Normal,KARNATAKA_MULABAGILU
2020-02-16,2020-03-30,Anomaly,KARNATAKA_SRINIVASAPUR
2020-02-23,2020-04-06,Normal,UTTAR PRADESH_FAIZABAD
2020-02-23,2020-04-06,Normal,KARNATAKA_MULABAGILU
2020-02-23,2020-04-06,Normal,KARNATAKA_SRINIVASAPUR
2020-03-01,2020-04-13,Normal,KARNATAKA_SRINIVASAPUR
2020-03-01,2020-04-13,Normal,KARNATAKA_MULABAGILU
2020-03-01,2020-04-13,Normal,UTTAR PRADESH_FAIZABAD
2020-03-08,2020-04-20,Normal,KARNATAKA_SRINIVASAPUR
2020-03-08,2020-04-20,Normal,KARNATAKA_MULABAGILU
2020-03-08,2020-04-20,Normal,UTTAR PRADESH_FAIZABAD
2020-03-15,2020-04-27,Normal,UTTAR PRADESH_FAIZABAD
2020-03-15,2020-04-27,Anomaly,KARNATAKA_SRINIVASAPUR
2020-03-15,2020-04-27,Normal,KARNATAKA_MULABAGILU
2020-03-22,2020-05-04,Anomaly,KARNATAKA_SRINIVASAPUR
2020-03-22,2020-05-04,Normal,KARNATAKA_MULABAGILU
2020-03-22,2020-05-04,Normal,UTTAR PRADESH_FAIZABAD
2020-03-29,2020-05-11,Anomaly,KARNATAKA_MULABAGILU
2020-03-29,2020-05-11,Anomaly,KARNATAKA_SRINIVASAPUR
2020-03-29,2020-05-11,Normal,UTTAR PRADESH_FAIZABAD
2020-04-05,2020-05-18,Normal,UTTAR PRADESH_FAIZABAD
2020-04-05,2020-05-18,Anomaly,KARNATAKA_SRINIVASAPUR
2020-04-05,2020-05-18,Anomaly,KARNATAKA_MULABAGILU
2020-04-12,2020-05-25,Anomaly,KARNATAKA_SRINIVASAPUR
2020-04-12,2020-05-25,Normal,UTTAR PRADESH_FAIZABAD
2020-04-12,2020-05-25,Anomaly,KARNATAKA_MULABAGILU
2020-04-19,2020-06-01,Anomaly,KARNATAKA_SRINIVASAPUR
2020-04-19,2020-06-01,Normal,UTTAR PRADESH_FAIZABAD
2020-04-19,2020-06-01,Anomaly,KARNATAKA_MULABAGILU
2020-04-26,2020-06-08,Normal,UTTAR PRADESH_FAIZABAD
2020-04-26,2020-06-08,Anomaly,KARNATAKA_MULABAGILU
2020-04-26,2020-06-08,Anomaly,KARNATAKA_SRINIVASAPUR
2020-05-03,2020-06-15,Normal,KARNATAKA_MULABAGILU
2020-05-03,2020-06-15,Normal,KARNATAKA_SRINIVASAPUR
2020-05-03,2020-06-15,Normal,UTTAR PRADESH_FAIZABAD
2020-05-10,2020-06-22,Normal,UTTAR PRADESH_FAIZABAD
2020-05-10,2020-06-22,Normal,KARNATAKA_MULABAGILU
2020-05-10,2020-06-22,Normal,KARNATAKA_SRINIVASAPUR
2020-05-17,2020-06-29,Normal,KARNATAKA_MULABAGILU
2020-05-17,2020-06-29,Normal,KARNATAKA_SRINIVASAPUR
2020-05-17,2020-06-29,Normal,UTTAR PRADESH_FAIZABAD
2020-05-24,2020-07-06,Normal,KARNATAKA_MULABAGILU
2020-05-24,2020-07-06,Normal,KARNATAKA_SRINIVASAPUR
2020-05-24,2020-07-06,Normal,UTTAR PRADESH_FAIZABAD
2020-05-31,2020-07-13,Normal,UTTAR PRADESH_FAIZABAD
2020-05-31,2020-07-13,Normal,KARNATAKA_SRINIVASAPUR
2020-05-31,2020-07-13,Normal,KARNATAKA_MULABAGILU
2020-06-07,2020-07-20,Anomaly,UTTAR PRADESH_FAIZABAD
2020-06-07,2020-07-20,Anomaly,KARNATAKA_SRINIVASAPUR
2020-06-07,2020-07-20,Normal,KARNATAKA_MULABAGILU
2020-06-14,2020-07-27,Anomaly,KARNATAKA_SRINIVASAPUR
2020-06-14,2020-07-27,Normal,KARNATAKA_MULABAGILU
2020-06-14,2020-07-27,Anomaly,UTTAR PRADESH_FAIZABAD
2020-06-21,2020-08-03,Anomaly,UTTAR PRADESH_FAIZABAD
2020-06-21,2020-08-03,Normal,KARNATAKA_MULABAGILU
2020-06-21,2020-08-03,Anomaly,KARNATAKA_SRINIVASAPUR
2020-06-28,2020-08-10,Normal,KARNATAKA_MULABAGILU
2020-06-28,2020-08-10,Anomaly,UTTAR PRADESH_FAIZABAD
2020-06-28,2020-08-10,Normal,KARNATAKA_SRINIVASAPUR
2020-07-05,2020-08-17,Normal,KARNATAKA_MULABAGILU
2020-07-05,2020-08-17,Anomaly,UTTAR PRADESH_FAIZABAD
2020-07-05,2020-08-17,Normal,KARNATAKA_SRINIVASAPUR
2020-07-12,2020-08-24,Anomaly,KARNATAKA_MULABAGILU
2020-07-12,2020-08-24,Normal,UTTAR PRADESH_FAIZABAD
2020-07-12,2020-08-24,Normal,KARNATAKA_SRINIVASAPUR
2020-07-19,2020-08-31,Anomaly,KARNATAKA_MULABAGILU
2020-07-19,2020-08-31,Normal,UTTAR PRADESH_FAIZABAD
2020-07-19,2020-08-31,Anomaly,KARNATAKA_SRINIVASAPUR
2020-07-26,2020-09-07,Normal,UTTAR PRADESH_FAIZABAD
2020-07-26,2020-09-07,Anomaly,KARNATAKA_SRINIVASAPUR
2020-07-26,2020-09-07,Anomaly,KARNATAKA_MULABAGILU
2020-08-02,2020-09-14,Normal,UTTAR PRADESH_FAIZABAD
2020-08-02,2020-09-14,Anomaly,KARNATAKA_SRINIVASAPUR
2020-08-02,2020-09-14,Anomaly,KARNATAKA_MULABAGILU
2020-08-09,2020-09-21,Anomaly,KARNATAKA_MULABAGILU
2020-08-09,2020-09-21,Normal,UTTAR PRADESH_FAIZABAD
2020-08-09,2020-09-21,Normal,KARNATAKA_SRINIVASAPUR
2020-08-16,2020-09-28,Normal,UTTAR PRADESH_FAIZABAD
2020-08-16,2020-09-28,Anomaly,KARNATAKA_MULABAGILU
2020-08-16,2020-09-28,Normal,KARNATAKA_SRINIVASAPUR
2020-08-23,2020-10-05,Anomaly,KARNATAKA_MULABAGILU
2020-08-23,2020-10-05,Normal,KARNATAKA_SRINIVASAPUR
2020-08-23,2020-10-05,Normal,UTTAR PRADESH_FAIZABAD
2020-08-30,2020-10-12,Normal,KARNATAKA_SRINIVASAPUR
2020-08-30,2020-10-12,Normal,UTTAR PRADESH_FAIZABAD
2020-08-30,2020-10-12,Normal,KARNATAKA_MULABAGILU
2020-09-06,2020-10-19,Normal,KARNATAKA_SRINIVASAPUR
2020-09-06,2020-10-19,Normal,UTTAR PRADESH_FAIZABAD
2020-09-06,2020-10-19,Normal,KARNATAKA_MULABAGILU
2020-09-13,2020-10-26,Normal,UTTAR PRADESH_FAIZABAD
2020-09-13,2020-10-26,Normal,KARNATAKA_MULABAGILU
2020-09-13,2020-10-26,Normal,KARNATAKA_SRINIVASAPUR
2020-09-20,2020-11-02,Normal,KARNATAKA_SRINIVASAPUR
2020-09-20,2020-11-02,Normal,KARNATAKA_MULABAGILU
2020-09-20,2020-11-02,Normal,UTTAR PRADESH_FAIZABAD
